#Cada linea representa un libro, la ultima columna es la etiqueta, el resto son features
#M-pg11.txt
1850,34253,3.75094152337,7323.0,0.213791492716,20.4627027027,0.0027027027027,805.0,267.0,3.01498127341,1
#M-pg5200.txt
954,26522,4.15805746173,6933.0,0.261405625518,30.501048218,0.00524109014675,387.0,1331.0,0.290758827949,1
#M-pg76.txt
6743,136145,3.42909398068,25612.0,0.188122957141,22.2647189678,0.000741509713777,901.0,3125.0,0.28832,1
#F-pg1342.txt
6325,132484,4.23843633948,36409.0,0.274818091241,23.3609486166,0.000790513833992,3905.0,3338.0,1.16986219293,0
#M-pg1232.txt
1496,54209,4.43406076482,15200.0,0.280396244166,40.0868983957,0.0033422459893,71.0,1979.0,0.0358767054068,1
